Snapshot 1
1 1 1 0 0 
1 1 1 1 0 
1 1 0 0 0 
0 1 1 0 0 
0 1 1 0 1 

Snapshot 2
0 0 0 1 1 
1 1 0 0 0 
1 0 0 0 1 
1 0 0 1 1 
1 0 0 0 1 

Snapshot 3
0 1 1 0 1 
0 0 1 1 1 
0 0 0 1 1 
0 1 1 0 0 
1 0 0 1 0 

Snapshot 4
1 1 0 0 1 
0 1 0 0 1 
0 1 0 1 0 
0 1 0 0 1 
1 1 1 0 1 

Snapshot 5
1 0 1 1 0 
0 1 0 0 0 
1 0 0 1 0 
1 0 1 0 0 
1 0 1 1 0 

Snapshot 6
1 1 1 1 0 
1 0 1 0 1 
0 0 1 1 1 
0 1 0 0 0 
0 0 0 0 0 

Snapshot 7
1 0 0 1 0 
1 0 0 1 1 
1 1 0 1 0 
1 0 1 1 0 
1 1 0 0 1 

Snapshot 8
1 0 1 1 0 
1 1 1 1 0 
1 1 1 0 0 
1 0 1 1 1 
0 0 0 1 0 

Snapshot 9
1 1 0 0 1 
0 1 1 0 0 
0 0 1 0 0 
0 1 1 0 0 
0 0 1 1 0 

Snapshot 10
1 1 0 0 1 
1 1 0 1 1 
0 1 1 1 0 
0 0 0 0 1 
0 0 1 1 1 

Snapshot 11
1 1 0 1 1 
0 1 0 0 1 
0 1 1 0 0 
0 1 1 0 0 
0 1 1 1 0 

Snapshot 12
0 0 1 0 0 
1 0 0 0 0 
1 0 0 0 0 
1 0 1 1 0 
0 0 0 0 0 

Snapshot 13
0 1 0 0 1 
1 0 0 1 0 
1 1 0 0 1 
1 1 1 0 0 
0 1 1 0 0 

